[gd_scene format=3 uid="uid://bqqgyqafm7xwp"]

[ext_resource type="Environment" uid="uid://bqnqgflivjvue" path="res://scenes/main-environment.tres" id="1_ahusb"]
[ext_resource type="Script" uid="uid://djpme521r3cxe" path="res://scripts/main.gd" id="1_jkv2x"]
[ext_resource type="PackedScene" uid="uid://dl2ed4gkybggf" path="res://objects/player.tscn" id="2_onms2"]
[ext_resource type="Script" uid="uid://dom6gu2uymkr8" path="res://kotlin-src/View.kt" id="5_bg0fr"]
[ext_resource type="PackedScene" uid="uid://cnymdajj1vsqm" path="res://objects/platform.tscn" id="6_sdmev"]
[ext_resource type="PackedScene" uid="uid://rjh4ifidqrfp" path="res://objects/platform_medium.tscn" id="7_ixpj3"]
[ext_resource type="PackedScene" uid="uid://uqr4hswv6d2g" path="res://objects/platform_grass_large_round.tscn" id="8_4oh1e"]
[ext_resource type="PackedScene" uid="uid://c8up71en5djgm" path="res://objects/platform_falling.tscn" id="9_2fnpo"]
[ext_resource type="PackedScene" uid="uid://dtjvjdjl8cs6e" path="res://models/flag.glb" id="9_fw1f5"]
[ext_resource type="PackedScene" uid="uid://dfpisimsgf5ce" path="res://objects/coin.tscn" id="10_fwhys"]
[ext_resource type="Script" uid="uid://cenax0h3i36bs" path="res://kotlin-src/Hud.kt" id="11_apvpm"]
[ext_resource type="PackedScene" uid="uid://85ldumyetgou" path="res://objects/brick.tscn" id="12_jkv2x"]
[ext_resource type="PackedScene" uid="uid://dy017k58p20sk" path="res://objects/cloud.tscn" id="13_drtpy"]
[ext_resource type="Texture2D" uid="uid://cd7oyc56ehkx1" path="res://sprites/coin.png" id="13_jfda3"]
[ext_resource type="FontFile" uid="uid://d0cxd77jybrcn" path="res://fonts/lilita_one_regular.ttf" id="17_tk810"]
[ext_resource type="Script" path="res://kotlin-src/SmokeQuit.kt" id="18_smoke"]

[sub_resource type="LabelSettings" id="LabelSettings_38ys3"]
font = ExtResource("17_tk810")
font_size = 48
shadow_color = Color(0, 0, 0, 0.376471)
shadow_offset = Vector2(2, 2)

[sub_resource type="StyleBoxFlat" id="StyleBoxFlat_jump_normal"]
bg_color = Color(0.117647, 0.415686, 0.811765, 0.82)
border_width_left = 4
border_width_top = 4
border_width_right = 4
border_width_bottom = 4
border_color = Color(1, 1, 1, 0.72)
corner_radius_top_left = 72
corner_radius_top_right = 72
corner_radius_bottom_right = 72
corner_radius_bottom_left = 72

[sub_resource type="StyleBoxFlat" id="StyleBoxFlat_jump_pressed"]
bg_color = Color(0.0745098, 0.278431, 0.568627, 0.92)
border_width_left = 4
border_width_top = 4
border_width_right = 4
border_width_bottom = 4
border_color = Color(1, 1, 1, 0.9)
corner_radius_top_left = 72
corner_radius_top_right = 72
corner_radius_bottom_right = 72
corner_radius_bottom_left = 72

[sub_resource type="StyleBoxEmpty" id="StyleBoxEmpty_jump_focus"]

[node name="Main" type="Node3D" unique_id=221332512]
script = ExtResource("1_jkv2x")

[node name="SmokeQuit" type="Node" parent="."]
script = ExtResource("18_smoke")

[node name="Environment" type="WorldEnvironment" parent="." unique_id=1124329866]
environment = ExtResource("1_ahusb")

[node name="Player" parent="." unique_id=362502505 node_paths=PackedStringArray("view") groups=["player"] instance=ExtResource("2_onms2")]
transform = Transform3D(1, 0, 0, 0, 1, 0, 0, 0, 1, 0, 0.49277484, 0)
view = NodePath("../View")
movement_speed = 250
jump_strength = 7

[node name="View" type="Node3D" parent="." unique_id=179780699 node_paths=PackedStringArray("target")]
transform = Transform3D(0.707107, -0.298836, 0.640856, 0, 0.906308, 0.422618, -0.707107, -0.298836, 0.640856, 0, 0, 0)
script = ExtResource("5_bg0fr")
target = NodePath("../Player")
zoom_minimum = 16
zoom_maximum = 4
zoom_speed = 10
rotation_speed = 120

[node name="Camera" type="Camera3D" parent="View" unique_id=990614657]
transform = Transform3D(1, 0, 0, 0, 1, 0, 0, 0, 1, 0, 0, 10)
current = true
fov = 40.0

[node name="World" type="Node3D" parent="." unique_id=544777428]

[node name="platform" parent="World" unique_id=765506657 instance=ExtResource("6_sdmev")]
transform = Transform3D(0.993085, 0, -0.117399, 0, 1, 0, 0.117399, 0, 0.993085, 0, 0, 0)

[node name="platform4" parent="World" unique_id=1528573284 instance=ExtResource("6_sdmev")]
transform = Transform3D(0.993085, 0, -0.117399, 0, 1, 0, 0.117399, 0, 0.993085, -15, 0, 4)

[node name="platform5" parent="World" unique_id=964890050 instance=ExtResource("6_sdmev")]
transform = Transform3D(0.993085, 0, -0.117399, 0, 1, 0, 0.117399, 0, 0.993085, -21.925076, 0.3466103, -2.6836262)

[node name="platform6" parent="World" unique_id=129734213 instance=ExtResource("6_sdmev")]
transform = Transform3D(0.9779442, 0, 0.20886743, 0, 1, 0, -0.20886743, 0, 0.9779442, -22.07586, 1.5132568, -4.765484)

[node name="platform2" parent="World" unique_id=1466136441 instance=ExtResource("6_sdmev")]
transform = Transform3D(1, 0, 0, 0, 1, 0, 0, 0, 1, -3, 2, -3)

[node name="platform3" parent="World" unique_id=489875009 instance=ExtResource("6_sdmev")]
transform = Transform3D(0.966237, 0, -0.257656, 0, 1, 0, 0.257656, 0, 0.966237, -3, 3, -5)

[node name="platform-medium" parent="World" unique_id=433379796 instance=ExtResource("7_ixpj3")]
transform = Transform3D(0.996134, 0, 0.0878512, 0, 1, 0, -0.0878512, 0, 0.996134, -3, 0, 0)

[node name="platform-medium2" parent="World" unique_id=705731753 instance=ExtResource("7_ixpj3")]
transform = Transform3D(0.995121, 0, 0.0986598, 0, 1, 0, -0.0986598, 0, 0.995121, -5, 0, 4)

[node name="platform-medium4" parent="World" unique_id=287559632 instance=ExtResource("7_ixpj3")]
transform = Transform3D(0.929796, 0, -0.368076, 0, 1, 0, 0.368076, 0, 0.929796, -14.9422, 0.991941, 0.128304)

[node name="platform-medium3" parent="World" unique_id=1530000422 instance=ExtResource("7_ixpj3")]
transform = Transform3D(1, 0, 0, 0, 1, 0, 0, 0, 1, 0, 3, -6)

[node name="platform-falling" parent="World" unique_id=1231923929 instance=ExtResource("9_2fnpo")]
transform = Transform3D(0.984808, 0, 0.173648, 0, 1, 0, -0.173648, 0, 0.984808, -9, 0.419294, 4)

[node name="platform-falling2" parent="World" unique_id=1120059404 instance=ExtResource("9_2fnpo")]
transform = Transform3D(0.994522, 0, -0.104528, 0, 1, 0, 0.104528, 0, 0.994522, -12, -0.315063, 4)

[node name="platform-falling3" parent="World" unique_id=1524902081 instance=ExtResource("9_2fnpo")]
transform = Transform3D(0.939693, 0, 0.34202, 0, 1, 0, -0.34202, 0, 0.939693, -11.7527, 1.8303, -2.30579)

[node name="platform-grass-large-round" parent="World" unique_id=2060316852 instance=ExtResource("8_4oh1e")]
transform = Transform3D(1, 0, 0, 0, 1, 0, 0, 0, 1, -7, 1, -2)

[node name="platform-grass-large-round2" parent="World" unique_id=689293946 instance=ExtResource("8_4oh1e")]
transform = Transform3D(1, 0, 0, 0, 1, 0, 0, 0, 1, -19.31048, 1, 2.8319645)

[node name="flag" parent="World" unique_id=672683095 instance=ExtResource("9_fw1f5")]
transform = Transform3D(0.707107, 0, -0.707107, 0, 1, 0, 0.707107, 0, 0.707107, 0, 3.48077, -6)

[node name="coin" parent="World" unique_id=1364370998 instance=ExtResource("10_fwhys")]
transform = Transform3D(1, 0, 0, 0, 1, 0, 0, 0, 1, -3, 0.635, 0)

[node name="coin10" parent="World" unique_id=974878345 instance=ExtResource("10_fwhys")]
transform = Transform3D(1, 0, 0, 0, 1, 0, 0, 0, 1, -5, 0.635, 4)

[node name="coin2" parent="World" unique_id=743632509 instance=ExtResource("10_fwhys")]
transform = Transform3D(1, 0, 0, 0, 1, 0, 0, 0, 1, -7.0437, 1.97005, -0.33003)

[node name="coin3" parent="World" unique_id=372903545 instance=ExtResource("10_fwhys")]
transform = Transform3D(1, 0, 0, 0, 1, 0, 0, 0, 1, -7.0437, 1.97005, -1.33003)

[node name="coin5" parent="World" unique_id=943596491 instance=ExtResource("10_fwhys")]
transform = Transform3D(1, 0, 0, 0, 1, 0, 0, 0, 1, -11.7731, 2.54941, -2.28223)

[node name="coin6" parent="World" unique_id=832871665 instance=ExtResource("10_fwhys")]
transform = Transform3D(1, 0, 0, 0, 1, 0, 0, 0, 1, -14.8111, 1.6888, 0.328574)

[node name="coin7" parent="World" unique_id=1497052359 instance=ExtResource("10_fwhys")]
transform = Transform3D(1, 0, 0, 0, 1, 0, 0, 0, 1, -14.8111, 2.6888, 0.328574)

[node name="coin8" parent="World" unique_id=1788279808 instance=ExtResource("10_fwhys")]
transform = Transform3D(1, 0, 0, 0, 1, 0, 0, 0, 1, -14.9647, 0.801836, 3.99354)

[node name="coin9" parent="World" unique_id=1758131565 instance=ExtResource("10_fwhys")]
transform = Transform3D(1, 0, 0, 0, 1, 0, 0, 0, 1, 0, 5, -6)

[node name="coin4" parent="World" unique_id=398265430 instance=ExtResource("10_fwhys")]
transform = Transform3D(1, 0, 0, 0, 1, 0, 0, 0, 1, -7.0437, 1.97005, -2.33003)

[node name="coin11" parent="World" unique_id=1946960235 instance=ExtResource("10_fwhys")]
transform = Transform3D(1, 0, 0, 0, 1, 0, 0, 0, 1, -6.7093306, 5.3392777, -2.0042212)

[node name="coin12" parent="World" unique_id=405224796 instance=ExtResource("10_fwhys")]
transform = Transform3D(1, 0, 0, 0, 1, 0, 0, 0, 1, -18.979, 1.7754431, 2.8622048)

[node name="coin13" parent="World" unique_id=322679899 instance=ExtResource("10_fwhys")]
transform = Transform3D(1, 0, 0, 0, 1, 0, 0, 0, 1, -22.11739, 2.56071, -4.7569985)

[node name="coin14" parent="World" unique_id=1540468400 instance=ExtResource("10_fwhys")]
transform = Transform3D(1, 0, 0, 0, 1, 0, 0, 0, 1, -22.11739, 3.320589, -4.7569985)

[node name="cube8" parent="World" unique_id=2028274820 instance=ExtResource("13_drtpy")]
transform = Transform3D(1, 0, 0, 0, 1, 0, 0, 0, 1, 1.5495, 1.10741, -2.666)

[node name="cube9" parent="World" unique_id=1372720340 instance=ExtResource("13_drtpy")]
transform = Transform3D(1.27593, -0.401864, 0.422933, 0.471408, 1.30937, -0.178025, -0.343721, 0.304009, 1.32582, 3.33538, 1.37146, -4.1932)

[node name="cube10" parent="World" unique_id=18721456 instance=ExtResource("13_drtpy")]
transform = Transform3D(1.32811, 0.370441, 0.259369, -0.293866, 1.3186, -0.37854, -0.34372, 0.30401, 1.32582, -10.5752, 2.03819, -7.93707)

[node name="cube11" parent="World" unique_id=1426449126 instance=ExtResource("13_drtpy")]
transform = Transform3D(0.476646, 0.924607, 0.941422, -0.929853, 0.945559, -0.457882, -0.93624, -0.468385, 0.934042, -9.467535, 2.0381904, 11.509415)

[node name="cube12" parent="World" unique_id=185448396 instance=ExtResource("13_drtpy")]
transform = Transform3D(-1.02876, -0.695523, 0.652886, -0.929853, 0.945557, -0.457881, -0.213027, -0.768461, -1.15432, -9.201835, 2.7950804, 13.743215)

[node name="cube13" parent="World" unique_id=279197802 instance=ExtResource("13_drtpy")]
transform = Transform3D(1.56209, -1.37982, 1.71508, 1.97375, 1.80907, -0.342241, -0.974547, 1.4522, 2.05595, -14.3045, 2.03819, -8.24191)

[node name="cube14" parent="World" unique_id=1335276878 instance=ExtResource("13_drtpy")]
transform = Transform3D(1.56209, -1.37982, 1.71508, 1.97375, 1.80907, -0.342241, -0.974547, 1.4522, 2.05595, -14.152035, 2.0381904, 10.065234)

[node name="brick" parent="World" unique_id=196845787 instance=ExtResource("12_jkv2x")]
transform = Transform3D(1, 0, 0, 0, 1, 0, 0, 0, 1, -3.119135, 1.9857206, -0.08861771)

[node name="brick2" parent="World" unique_id=1728680698 instance=ExtResource("12_jkv2x")]
transform = Transform3D(0.8552648, 0, -0.5181912, 0, 1, 0, 0.5181912, 0, 0.8552648, -6.7635055, 3.2150104, -2.0195704)

[node name="brick3" parent="World" unique_id=608700147 instance=ExtResource("12_jkv2x")]
transform = Transform3D(0.93908226, 0, 0.34369248, 0, 1, 0, -0.34369248, 0, 0.93908226, -19.034018, 3.215011, 2.869449)

[node name="Sun" type="DirectionalLight3D" parent="." unique_id=687576974]
transform = Transform3D(-0.422618, -0.694272, 0.582563, 0, 0.642788, 0.766044, -0.906308, 0.323744, -0.271654, 0, 0, 0)
shadow_enabled = true
shadow_opacity = 0.75

[node name="HUD" type="Control" parent="." unique_id=936133743]
layout_mode = 3
anchors_preset = 13
anchor_left = 0.5
anchor_right = 0.5
anchor_bottom = 1.0
offset_left = -640.0
offset_right = 640.0
grow_horizontal = 2
grow_vertical = 2
size_flags_horizontal = 8
size_flags_vertical = 8
script = ExtResource("11_apvpm")

[node name="Icon" type="TextureRect" parent="HUD" unique_id=941779205]
layout_mode = 0
offset_left = 57.0
offset_top = 67.0
offset_right = 313.0
offset_bottom = 323.0
scale = Vector2(0.2, 0.2)
texture = ExtResource("13_jfda3")

[node name="x" type="Label" parent="HUD" unique_id=27093361]
layout_mode = 0
offset_left = 112.0
offset_top = 64.0
offset_right = 144.0
offset_bottom = 123.0
text = "×"
label_settings = SubResource("LabelSettings_38ys3")
metadata/_edit_use_anchors_ = true

[node name="Coins" type="Label" parent="HUD" unique_id=714639495]
layout_mode = 0
offset_left = 144.0
offset_top = 64.0
offset_right = 368.0
offset_bottom = 123.0
text = "0"
label_settings = SubResource("LabelSettings_38ys3")
metadata/_edit_use_anchors_ = true

[node name="MobileControls" type="CanvasLayer" parent="." unique_id=1867759044]
visible = false
layer = 10

[node name="TouchRoot" type="Control" parent="MobileControls" unique_id=1408108730]
layout_mode = 3
anchors_preset = 15
anchor_right = 1.0
anchor_bottom = 1.0
grow_horizontal = 2
grow_vertical = 2
mouse_filter = 2

[node name="MoveJoystick" type="VirtualJoystick" parent="MobileControls/TouchRoot" unique_id=1980212898]
layout_mode = 1
anchors_preset = 2
anchor_top = 1.0
anchor_bottom = 1.0
offset_left = 48.0
offset_top = -288.0
offset_right = 304.0
offset_bottom = -32.0
grow_vertical = 0
joystick_mode = 2
joystick_size = 184.0
tip_size = 76.0
deadzone_ratio = 0.15
action_left = &"move_left"
action_right = &"move_right"
action_up = &"move_forward"
action_down = &"move_back"

[node name="CameraJoystick" type="VirtualJoystick" parent="MobileControls/TouchRoot" unique_id=736918244]
layout_mode = 1
anchor_left = 1.0
anchor_top = 0.5
anchor_right = 1.0
anchor_bottom = 0.5
offset_left = -288.0
offset_top = -128.0
offset_right = -32.0
offset_bottom = 128.0
grow_horizontal = 0
grow_vertical = 2
joystick_mode = 2
joystick_size = 184.0
tip_size = 76.0
deadzone_ratio = 0.15
action_left = &"camera_left"
action_right = &"camera_right"
action_up = &"camera_up"
action_down = &"camera_down"

[node name="JumpButton" type="Button" parent="MobileControls/TouchRoot" unique_id=743003747]
layout_mode = 1
anchors_preset = 3
anchor_left = 1.0
anchor_top = 1.0
anchor_right = 1.0
anchor_bottom = 1.0
offset_left = -192.0
offset_top = -192.0
offset_right = -48.0
offset_bottom = -48.0
grow_horizontal = 0
grow_vertical = 0
focus_mode = 0
theme_override_font_sizes/font_size = 28
theme_override_styles/normal = SubResource("StyleBoxFlat_jump_normal")
theme_override_styles/hover = SubResource("StyleBoxFlat_jump_normal")
theme_override_styles/pressed = SubResource("StyleBoxFlat_jump_pressed")
theme_override_styles/focus = SubResource("StyleBoxEmpty_jump_focus")
text = "Jump"

[connection signal="coin_collected" from="Player" to="HUD" method="_on_coin_collected"]
[connection signal="button_down" from="MobileControls/TouchRoot/JumpButton" to="." method="_on_jump_button_button_down"]
[connection signal="button_up" from="MobileControls/TouchRoot/JumpButton" to="." method="_on_jump_button_button_up"]
